hwx=-.4:.01:.4;
hwx=hwx';

%heavy steering with 0.4 saturation, 0.06 Coulomb friction, linear to zero
%steer angle
hwy=[-0.411
-0.411
-0.411
-0.411
-0.411
-0.411
-0.411
-0.411
-0.411
-0.411
-0.411
-0.411
-0.398
-0.385
-0.372
-0.359
-0.346
-0.333
-0.32
-0.307
-0.294
-0.281
-0.268
-0.255
-0.242
-0.229
-0.216
-0.203
-0.19
-0.177
-0.164
-0.151
-0.138
-0.125
-0.112
-0.099
-0.086
-0.073
-0.06
-0.03
0
0.03
0.06
0.073
0.086
0.099
0.112
0.125
0.138
0.151
0.164
0.177
0.19
0.203
0.216
0.229
0.242
0.255
0.268
0.281
0.294
0.307
0.32
0.333
0.346
0.359
0.372
0.385
0.398
0.411
0.411
0.411
0.411
0.411
0.411
0.411
0.411
0.411
0.411
0.411
0.411];

%heavy steering with 0.47 saturation, 0.06 Coulomb friction, drop to zero
%steer angle
hwy2=[-0.465
-0.465
-0.465
-0.465
-0.465
-0.465
-0.465
-0.465
-0.465
-0.465
-0.465
-0.465
-0.45
-0.435
-0.42
-0.405
-0.39
-0.375
-0.36
-0.345
-0.33
-0.315
-0.3
-0.285
-0.27
-0.255
-0.24
-0.225
-0.21
-0.195
-0.18
-0.165
-0.15
-0.135
-0.12
-0.105
-0.09
-0.075
-0.06
0
0
0
0.06
0.075
0.09
0.105
0.12
0.135
0.15
0.165
0.18
0.195
0.21
0.225
0.24
0.255
0.27
0.285
0.3
0.315
0.33
0.345
0.36
0.375
0.39
0.405
0.42
0.435
0.45
0.465
0.465
0.465
0.465
0.465
0.465
0.465
0.465
0.465
0.465
0.465
0.465];

%heavy steering with 0.35 saturation, 0.06 Coulomb friction, linear to zero
%steer angle
hwy3=[-0.346
-0.346
-0.346
-0.346
-0.346
-0.346
-0.346
-0.346
-0.346
-0.346
-0.346
-0.346
-0.346
-0.346
-0.346
-0.346
-0.346
-0.333
-0.32
-0.307
-0.294
-0.281
-0.268
-0.255
-0.242
-0.229
-0.216
-0.203
-0.19
-0.177
-0.164
-0.151
-0.138
-0.125
-0.112
-0.099
-0.086
-0.073
-0.06
-0.03
0
0.03
0.06
0.073
0.086
0.099
0.112
0.125
0.138
0.151
0.164
0.177
0.19
0.203
0.216
0.229
0.242
0.255
0.268
0.281
0.294
0.307
0.32
0.333
0.346
0.346
0.346
0.346
0.346
0.346
0.346
0.346
0.346
0.346
0.346
0.346
0.346
0.346
0.346
0.346
0.346];

%heavy steering with 0.3 saturation, 0.06 Coulomb friction, linear to zero
%steer angle
hwy4=[-0.307
-0.307
-0.307
-0.307
-0.307
-0.307
-0.307
-0.307
-0.307
-0.307
-0.307
-0.307
-0.307
-0.307
-0.307
-0.307
-0.307
-0.307
-0.307
-0.307
-0.294
-0.281
-0.268
-0.255
-0.242
-0.229
-0.216
-0.203
-0.19
-0.177
-0.164
-0.151
-0.138
-0.125
-0.112
-0.099
-0.086
-0.073
-0.06
-0.03
0
0.03
0.06
0.073
0.086
0.099
0.112
0.125
0.138
0.151
0.164
0.177
0.19
0.203
0.216
0.229
0.242
0.255
0.268
0.281
0.294
0.307
0.307
0.307
0.307
0.307
0.307
0.307
0.307
0.307
0.307
0.307
0.307
0.307
0.307
0.307
0.307
0.307
0.307
0.307
0.307];

%heavy steering with 0.24 saturation, 0.06 Coulomb friction, linear to zero
%steer angle
hwy5=[-0.242
-0.242
-0.242
-0.242
-0.242
-0.242
-0.242
-0.242
-0.242
-0.242
-0.242
-0.242
-0.242
-0.242
-0.242
-0.242
-0.242
-0.242
-0.242
-0.242
-0.242
-0.242
-0.242
-0.242
-0.242
-0.229
-0.216
-0.203
-0.19
-0.177
-0.164
-0.151
-0.138
-0.125
-0.112
-0.099
-0.086
-0.073
-0.06
-0.03
0
0.03
0.06
0.073
0.086
0.099
0.112
0.125
0.138
0.151
0.164
0.177
0.19
0.203
0.216
0.229
0.242
0.242
0.242
0.242
0.242
0.242
0.242
0.242
0.242
0.242
0.242
0.242
0.242
0.242
0.242
0.242
0.242
0.242
0.242
0.242
0.242
0.242
0.242
0.242
0.242];
